--------------------------------------------------------------
Empieza el registro de eventos
--------------------------------------------------------------

   0.001:  0 0   0 0  1       0 0
   0.100:  0 0   0 0  1       0 0
   0.200:  0 0   0 0  1       0 0
   0.301:  0 0   0 0  1       0 0
   0.400:  0 0   0 0  1       0 0
   0.500:  0 0   0 0  1       0 0
   0.600:  0 0   0 0  1       0 0
   0.700:  0 0   0 0  1       0 0
   0.801:  0 0   0 0  1       0 0
   0.900:  0 0   0 0  1       0 0
   1.001: Un operario ha depositado la caja 0x2222 en el puesto 0
   1.001:  0 0   0 0  1       0 0
   1.100:  1 0   1 0  1       0 0
   1.201:  1 0   1 0  1       0 0
   1.300:  0 0   1 0  1       1 0
   1.400:  0 0   1 0  1       1 0
   1.500:  0 0   1 0  1       1 0
   1.601:  0 0   0 0  1       1 0
   1.701:  0 0   0 0  1       1 0
   1.800:  0 0   0 0  1       1 0
   1.900:  0 0   0 0  1       1 0
   2.000:  0 0   0 0  1       1 0
   2.100:  0 0   0 0  1       1 0
   2.200:  0 0   0 0  1       1 0
   2.300:  0 0   0 0  1       1 0
   2.401:  0 0   0 0  1       1 0
   2.501:  0 0   0 0  1       1 0
   2.600:  0 0   0 0  1       1 0
   2.700:  0 0   0 0  1       1 0
   2.800:  0 0   0 0  1       1 0
   2.900:  0 0   0 0  1       1 0
   3.000:  0 0   0 0  1       1 0
   3.100:  0 0   0 1  1       1 0
   3.201:  0 0   0 1  1       1 0
   3.300:  0 0   0 1  1       1 0
   3.401:  0 1   0 1  1       1 0
   3.500:  0 1   0 1  1       1 0
   3.601:  0 1   0 0  1       1 0
   3.700:  0 1   0 0  1       1 0
   3.800:  0 1   0 0  1       1 0
   3.900:  0 1   0 0  1       1 0
   4.000:  0 1   0 0  1       1 0
   4.101: Un operario ha retirado la caja 0x2222 del puesto 1
   4.101:  0 0   0 0  1       1 0
   4.201:  0 0   0 0  1       1 0
   4.301:  0 0   0 0  1       1 0
   4.400:  0 0   0 0  1       1 0
   4.500:  0 0   0 0  1       1 0
   4.600:  0 0   0 0  1       1 0
   4.701:  0 0   0 0  1       1 0
   4.800:  0 0   0 0  1       1 0
   4.900:  0 0   0 0  1       0 0
   5.001: Un operario ha depositado la caja 0x1222 en el puesto 0
   5.001:  0 0   0 0  1       0 0
   5.100:  1 0   1 0  1       0 0
   5.200:  1 0   1 0  1       0 0
   5.301:  0 0   1 0  1       1 0
   5.401:  0 0   1 0  1       1 0
   5.501:  0 0   1 0  1       1 0
   5.600:  0 0   0 0  1       1 0
   5.700:  0 0   0 0  1       1 0
   5.800:  0 0   0 0  1       1 0
   5.900:  0 0   0 0  1       1 0
   6.001:  0 0   0 0  0       1 0
   6.101:  0 0   0 0  0       1 0
   6.101:                               Alarma sonando
   6.200:  0 0   0 0  0       0 1
   6.301:  0 0   0 0  0       0 1
   6.400:  0 0   0 0  0       0 1
   6.500:  0 0   0 0  0       0 1
   6.601:  0 0   0 0  0       0 1
   6.701:  0 0   0 0  0       0 1
   6.800:  0 0   0 0  0       0 1
   6.900:  0 0   0 0  0       0 1
   7.000:  0 0   0 0  1       0 1
   7.100:  0 0   0 0  1       0 1
   7.100:                               Alarma detenida
   7.199:  0 0   0 0  1       0 0
   7.300:  0 0   0 0  1       0 0
   7.401:  0 0   0 0  1       0 0
   7.500:  0 0   0 0  1       0 0
   7.600:  0 0   0 0  1       0 0
   7.700:  0 0   0 0  1       0 0
   7.801:  0 0   0 0  1       0 0
   7.901:  0 0   0 0  1       0 0
   8.000:  0 0   0 0  1       0 0
   8.100: Un operario ha depositado la caja 0x2221 en el puesto 1
   8.100:  0 0   0 0  1       0 0
   8.200:  0 1   0 1  1       0 0
   8.300:  0 1   0 1  1       0 0
   8.400:  0 0   0 1  1      -1 0
   8.501:  0 0   0 1  1      -1 0
   8.600:  0 0   0 1  1      -1 0
   8.700:  0 0   0 0  1      -1 0
   8.801:  0 0   0 0  1      -1 0
   8.901:  0 0   0 0  1      -1 0
   9.001:  0 0   0 0  1      -1 0
   9.100:  0 0   0 0  1      -1 0
   9.201:  0 0   0 0  1      -1 0
   9.300:  0 0   0 0  1      -1 0
   9.401:  0 0   0 0  1      -1 0
   9.501:  0 0   0 0  1      -1 0
   9.601:  0 0   0 0  1      -1 0
   9.700:  0 0   0 0  1      -1 0
   9.801:  0 0   0 0  1      -1 0
   9.900:  0 0   0 0  1      -1 0
  10.001:  0 0   0 0  1      -1 0
  10.100:  0 0   0 0  1      -1 0
  10.201:  0 0   1 0  1      -1 0
  10.300:  0 0   1 0  1      -1 0
  10.400:  0 0   1 0  1      -1 0
  10.500:  1 0   1 0  1      -1 0
  10.600:  1 0   1 0  1      -1 0
  10.700:  1 0   0 0  1      -1 0
  10.801:  1 0   0 0  1      -1 0
  10.901:  1 0   0 0  1      -1 0
  11.000:  1 0   0 0  1      -1 0
  11.101:  1 0   0 0  1      -1 0
  11.201: Un operario ha retirado la caja 0x2221 del puesto 0
  11.201:  0 0   0 0  1      -1 0
  11.300:  0 0   0 0  1      -1 0
  11.401:  0 0   0 0  1      -1 0
  11.500:  0 0   0 0  1      -1 0
  11.600:  0 0   0 0  1      -1 0
  11.700:  0 0   0 0  1      -1 0
  11.801:  0 0   0 0  1      -1 0
  11.901:  0 0   0 0  1      -1 0
  12.000:  0 0   0 0  1       0 0
  12.100:  0 0   0 0  1       0 0
  12.201:  0 0   0 0  1       0 0
  12.301:  0 0   0 0  1       0 0
  12.400:  0 0   0 0  1       0 0
  12.500:  0 0   0 0  1       0 0
  12.601: Un operario ha depositado la caja 0x2223 en el puesto 0
  12.601:  0 0   0 0  1       0 0
  12.700:  1 0   1 0  1       0 0
  12.800:  1 0   1 0  1       0 0
  12.901:  0 0   1 0  1       1 0
  13.001:  0 0   1 0  1       1 0
  13.100:  0 0   1 0  1       1 0
  13.200:  0 0   0 0  1       1 0
  13.301:  0 0   0 0  1       1 0
  13.401:  0 0   0 0  1       1 0
  13.500:  0 0   0 0  1       1 0
  13.600:  0 0   0 0  1       1 0
  13.701:  0 0   0 0  1       1 0
  13.801:  0 0   0 0  1       1 0
  13.900:  0 0   0 0  1       1 0
  14.001:  0 0   0 0  1       1 0
  14.100:  0 0   0 0  1       1 0
  14.200:  0 0   0 0  1       1 0
  14.300:  0 0   0 0  1       1 0
  14.400:  0 0   0 0  1       1 0
  14.500:  0 0   0 0  1       1 0
  14.600:  0 0   0 0  1       1 0
  14.701:  0 0   0 1  1       1 0
  14.801:  0 0   0 1  1       1 0
  14.901:  0 0   0 1  1       1 0
  15.000:  0 1   0 1  1       1 0
  15.100:  0 1   0 1  1       1 0
  15.201:  0 1   0 0  1       1 0
  15.300:  0 1   0 0  1       1 0
  15.401:  0 1   0 0  1       1 0
  15.500:  0 1   0 0  1       1 0
  15.600:  0 1   0 0  1       1 0
  15.701: Un operario ha retirado la caja 0x2223 del puesto 1
  15.701:  0 0   0 0  1       1 0
  15.801:  0 0   0 0  1       1 0
  15.900:  0 0   0 0  1       1 0
  16.000:  0 0   0 0  1       1 0
  16.100:  0 0   0 0  1       1 0
  16.201:  0 0   0 0  1       1 0
  16.300:  0 0   0 0  1       1 0
  16.401:  0 0   0 0  1       1 0
  16.500:  0 0   0 0  1       0 0
  16.601: Un operario ha depositado la caja 0xffffffff en el puesto 0
  16.601:  0 0   0 0  1       0 0
  16.700:  1 0   1 0  1       0 0
  16.800:  1 0   1 0  1       0 0
  16.901:  0 0   1 0  1       1 0
  17.000:  0 0   1 0  1       1 0
  17.100:  0 0   1 0  1       1 0
  17.201:  0 0   0 0  1       1 0
  17.300:  0 0   0 0  1       1 0
  17.400:  0 0   0 0  1       1 0
  17.501:  0 0   0 0  1       1 0
  17.601:  0 0   0 0  1       1 0
  17.700:  0 0   0 0  1       1 0
  17.801:  0 0   0 0  1       1 0
  17.901:  0 0   0 0  1       1 0
  18.000:  0 0   0 0  1       1 0
  18.100:  0 0   0 0  1       1 0
  18.199:  0 0   0 0  1       1 0
  18.300:  0 0   0 0  1       1 0
  18.400:  0 0   0 0  1       1 0
  18.500:  0 0   0 0  1       1 0
  18.600:  0 0   0 0  1       1 0
  18.700:  0 0   0 1  1       1 0
  18.800:  0 0   0 1  1       1 0
  18.901:  0 0   0 1  1       1 0
  19.001:  0 1   0 1  1       1 0
  19.100:  0 1   0 1  1       1 0
  19.201:  0 1   0 0  1       1 0
  19.301:  0 1   0 0  1       1 0
  19.400:  0 1   0 0  1       1 0
  19.501:  0 1   0 0  1       1 0
  19.600:  0 1   0 0  1       1 0
  19.700: Un operario ha retirado la caja 0xffffffff del puesto 1
  19.700:  0 0   0 0  1       1 0
  19.801:  0 0   0 0  1       1 0
  19.900:  0 0   0 0  1       1 0
  20.000:  0 0   0 0  1       1 0
  20.101:  0 0   0 0  1       1 0
  20.201:  0 0   0 0  1       1 0
  20.300:  0 0   0 0  1       1 0
  20.400:  0 0   0 0  1       1 0



--------------------------------------------------------------
Caja en la cinta o plataforma: 0 (100.000000)
Estado del motor: 0
Estado de la alarma: 0
Estado de la seta de emergencia: 1
Estado de las celulas fotoelectricas; dha-> 0,  izd-> 0
Estado de las plataformas; dha-> 0,  izd-> 0
--------------------------------------------------------------
